2.998181818181817615e+00
2.975610795454545432e+00
2.953125000000000000e+00
2.930724431818181763e+00
2.908409090909091166e+00
2.886178977272726875e+00
2.864034090909091113e+00
2.841974431818181657e+00
2.819999999999999840e+00
2.798110795454545663e+00
2.776306818181817349e+00
2.754588068181818006e+00
2.732954545454544970e+00
2.711406249999999574e+00
2.689943181818181817e+00
2.668565340909089922e+00
2.647272727272727000e+00
2.626065340909090384e+00
2.604943181818181852e+00
2.583906250000000515e+00
2.562954545454544597e+00
2.542088068181818539e+00
2.521306818181818343e+00
2.500610795454545343e+00
2.480000000000000426e+00
2.459474431818181372e+00
2.439034090909091290e+00
2.418678977272727515e+00
2.398409090909090935e+00
2.378224431818182438e+00
2.358124999999999805e+00
2.338110795454545698e+00
2.318181818181818343e+00
2.298338068181817739e+00
2.278579545454545663e+00
2.258906250000000338e+00
2.239318181818181763e+00
2.219815340909090828e+00
2.200397727272727089e+00
2.181065340909090988e+00
2.161818181818181639e+00
2.142656249999999929e+00
2.123579545454544970e+00
2.104588068181817651e+00
2.085681818181818414e+00
2.066860795454545485e+00
2.048124999999999751e+00
2.029474431818182101e+00
2.010909090909091201e+00
1.992428977272727275e+00
1.974034090909090766e+00
1.955724431818181452e+00
1.937500000000000000e+00
1.919360795454545521e+00
1.901306818181818237e+00
1.883338068181818148e+00
1.865454545454545698e+00
1.847656250000000000e+00
1.829943181818181719e+00
1.812315340909090855e+00
1.794772727272727186e+00
1.777315340909090935e+00
1.759943181818181657e+00
1.742656249999999796e+00
1.725454545454545352e+00
1.708338068181818326e+00
1.691306818181818050e+00
1.674360795454545636e+00
1.657499999999999973e+00
1.640724431818181950e+00
1.624034090909090899e+00
1.607428977272727488e+00
1.590909090909090828e+00
1.574474431818181586e+00
1.558124999999999982e+00
1.541860795454545352e+00
1.525681818181818361e+00
1.509588068181818121e+00
1.493579545454545299e+00
1.477656249999999893e+00
1.461818181818181905e+00
1.446065340909091113e+00
1.430397727272727293e+00
1.414815340909090891e+00
1.399318181818181905e+00
1.383906249999999893e+00
1.368579545454545521e+00
1.353338068181818121e+00
1.338181818181817917e+00
1.323110795454545352e+00
1.308125000000000204e+00
1.293224431818181808e+00
1.278409090909090828e+00
1.263678977272727044e+00
1.249034090909091121e+00
1.234474431818181506e+00
1.220000000000000195e+00
1.205610795454545414e+00
1.191306818181818050e+00
1.177088068181818326e+00
1.162954545454545352e+00
1.148906250000000018e+00
1.134943181818181657e+00
1.121065340909090935e+00
1.107272727272727408e+00
1.093565340909090855e+00
1.079943181818181719e+00
1.066406250000000000e+00
1.052954545454545476e+00
1.039588068181818370e+00
1.026306818181818237e+00
1.013110795454545521e+00
1.000000000000000000e+00
9.869744318181815634e-01
9.740340909090909882e-01
9.611789772727271641e-01
9.484090909090910904e-01
9.357244318181818787e-01
9.231249999999998623e-01
9.106107954545455963e-01
8.981818181818179703e-01
8.858380681818183167e-01
8.735795454545455252e-01
8.614062499999997069e-01
8.493181818181818610e-01
8.373153409090908772e-01
8.253977272727274217e-01
8.135653409090909394e-01
8.018181818181816523e-01
7.901562500000001155e-01
7.785795454545453298e-01
7.670880681818184055e-01
7.556818181818182323e-01
7.443607954545452543e-01
7.331250000000000266e-01
7.219744318181818832e-01
7.109090909090911570e-01
6.999289772727272929e-01
6.890340909090907351e-01
6.782244318181818166e-01
6.674999999999999822e-01
6.568607954545455652e-01
6.463068181818181213e-01
6.358380681818180946e-01
6.254545454545454852e-01
6.151562500000000711e-01
6.049431818181819631e-01
5.948153409090909394e-01
5.847727272727271108e-01
5.748153409090910326e-01
5.649431818181818166e-01
5.551562500000001288e-01
5.454545454545454142e-01
5.358380681818181168e-01
5.263068181818179037e-01
5.168607954545457739e-01
5.075000000000000622e-01
4.982244318181817677e-01
